1.000000000000000000e+00 9.094803948163664442e-01 9.007981110728330298e-01 8.851313080831840763e-01 8.875875034491973459e-01 8.894043679101396593e-01 9.440918364769294024e-01 9.204876493879557975e-01 7.154921500426330017e-01 6.574803295256502755e-01 6.493101180683242823e-01 7.037481484283217847e-01 6.957288169035323877e-01 6.777705324146108268e-01 7.212912483625562032e-01 7.098622084168055846e-01 7.092985329357879287e-01 7.028668217738716084e-01 7.014516497086014102e-01 7.353233915318755365e-01 7.488465558773557129e-01 6.769823556742186055e-01 6.490400575123326243e-01 5.630324396514511109e-01 6.545377946417703097e-01 5.963941220594126680e-01 5.634997642842817234e-01 4.462848962287767063e-01 5.356450216038298739e-01 5.828556319788540385e-01
9.094803948163664442e-01 1.000000000000000000e+00 9.223038682756929951e-01 9.677537249585875800e-01 9.535770272504519030e-01 9.620116699602146992e-01 9.714703435954060717e-01 9.845786548813971750e-01 7.736347084547967601e-01 7.009833777163655411e-01 6.166693885834665378e-01 6.738515435288279232e-01 6.662567179160346909e-01 6.519612298942962791e-01 7.013093155722414096e-01 6.930393145993303250e-01 6.685064757390101198e-01 6.836486191633492915e-01 6.698666643252126907e-01 7.442569831934258140e-01 7.655542973534602558e-01 6.696184409945633575e-01 6.585758078924083270e-01 5.692332666458158608e-01 5.859358685887616769e-01 5.703704226159210799e-01 5.374649604227595967e-01 4.879412396858692769e-01 4.937770127856745406e-01 4.960434590898756269e-01
9.007981110728330298e-01 9.223038682756929951e-01 1.000000000000000000e+00 9.379263344491080012e-01 9.735459462688215160e-01 9.412838347821699259e-01 9.749531467946226382e-01 9.446183896835034233e-01 7.565124809337268053e-01 7.198569828287452177e-01 6.136950810637955556e-01 6.852127723911121127e-01 6.625053306097440364e-01 6.494544948806667550e-01 7.338719885775121243e-01 7.198837275626099874e-01 6.770126283434534376e-01 6.783599351405968925e-01 6.800012737401359697e-01 7.588908115409668254e-01 7.740345509254225043e-01 7.046266000067007429e-01 7.131706926973990779e-01 5.242926875149420685e-01 5.645875965981164146e-01 5.214990256521777612e-01 4.931063100029663970e-01 4.469187144705139558e-01 4.407955665535679968e-01 4.828962023236105239e-01
8.851313080831840763e-01 9.677537249585875800e-01 9.379263344491080012e-01 1.000000000000000000e+00 9.798490221306889181e-01 9.826145534695662764e-01 9.715066045190916544e-01 9.763650050185043172e-01 8.004248977796069031e-01 7.248170240238567263e-01 6.352361296731289242e-01 6.912828513759550209e-01 6.722706763777502870e-01 6.653728783475298947e-01 7.274023944891949700e-01 7.200577761559885381e-01 6.833865642149422603e-01 6.930356471155684206e-01 6.806209540536714009e-01 7.559310954986387943e-01 7.716945053703758717e-01 6.886075923996444192e-01 6.513078968293734006e-01 5.171170386873814584e-01 5.582004206282473735e-01 5.227723750191842766e-01 4.991867402436093171e-01 4.442459085419992459e-01 4.584227354599265669e-01 4.507251576540457494e-01
8.875875034491973459e-01 9.535770272504519030e-01 9.735459462688215160e-01 9.798490221306889181e-01 1.000000000000000000e+00 9.750024672276697002e-01 9.842147541960937218e-01 9.689739550131040158e-01 8.021625428100621624e-01 7.348013191181312909e-01 6.328569694072726515e-01 6.925244900670012305e-01 6.780083992717412800e-01 6.616705883320632697e-01 7.436539630984546623e-01 7.331175145062878151e-01 6.918987452740807953e-01 7.002253910179334628e-01 6.870111992311193072e-01 7.659857954750256548e-01 7.845934955818741896e-01 7.093404323749383789e-01 6.589796242141837679e-01 5.198507538477945555e-01 5.652193136857507350e-01 5.236902814725785671e-01 4.992224886295467123e-01 4.536729121564046507e-01 4.470522879962137153e-01 4.633255638297985590e-01
8.894043679101396593e-01 9.620116699602146992e-01 9.412838347821699259e-01 9.826145534695662764e-01 9.750024672276697002e-01 1.000000000000000000e+00 9.792274996325111003e-01 9.876590537735355779e-01 8.025544506136700340e-01 7.286621200831172596e-01 6.446521041946929875e-01 6.987121114661657417e-01 6.779079191427971329e-01 6.728865707241566962e-01 7.195016761950675521e-01 7.153020185651319807e-01 6.909320745531276620e-01 6.889844516272906061e-01 6.861005709816503373e-01 7.676852240613569744e-01 7.794512168060983015e-01 6.706422029593430700e-01 6.470516733227930084e-01 5.087364750225228383e-01 5.493676847565760468e-01 5.282372133645565349e-01 5.028804481164582674e-01 4.517054622611204051e-01 4.616483481539299660e-01 4.454809183372862025e-01
9.440918364769294024e-01 9.714703435954060717e-01 9.749531467946226382e-01 9.715066045190916544e-01 9.842147541960937218e-01 9.792274996325111003e-01 1.000000000000000000e+00 9.878985101436809080e-01 7.912528744217292020e-01 7.183069958615156958e-01 6.399061644933740078e-01 7.024067830055414907e-01 6.819999940661435334e-01 6.706216300342339176e-01 7.298748228834900376e-01 7.308023737835860345e-01 6.963957059422777318e-01 6.976280774539843632e-01 6.896872646012990327e-01 7.746643740305872994e-01 7.889324576323779592e-01 6.726553228789327044e-01 6.738342908048200464e-01 5.422436741330637355e-01 5.671308103146567303e-01 5.332849558279612046e-01 5.116216848561817576e-01 4.571413193410007736e-01 4.654660675989056307e-01 5.063770413148153127e-01
9.204876493879557975e-01 9.845786548813971750e-01 9.446183896835034233e-01 9.763650050185043172e-01 9.689739550131040158e-01 9.876590537735355779e-01 9.878985101436809080e-01 1.000000000000000000e+00 7.794820367694162977e-01 7.060608999895870985e-01 6.345361757764661492e-01 6.994550732476761956e-01 6.743605175069310453e-01 6.716286906974252569e-01 7.134127669693152152e-01 7.174658425644260262e-01 6.896886033861171494e-01 6.908774804393537083e-01 6.829177562658360623e-01 7.561595713908100258e-01 7.717345546066054496e-01 6.555928995288884398e-01 6.615134443499134376e-01 5.529291076295608232e-01 5.849667705438598153e-01 5.498717803671540061e-01 5.315907506467248966e-01 4.806532703145162122e-01 4.912148776009825912e-01 4.909282902920025782e-01
7.154921500426330017e-01 7.736347084547967601e-01 7.565124809337268053e-01 8.004248977796069031e-01 8.021625428100621624e-01 8.025544506136700340e-01 7.912528744217292020e-01 7.794820367694162977e-01 1.000000000000000000e+00 8.234620673770782773e-01 7.775462463043845140e-01 8.107927133194511304e-01 8.047754834052396333e-01 8.102716117980336419e-01 8.277784515112331931e-01 8.272330856022157564e-01 8.202317465274404640e-01 8.256523280410501542e-01 8.130903207904693897e-01 8.757500107852322913e-01 8.964220829812512559e-01 6.459114005673154413e-01 5.768049726844461933e-01 5.531022551150784894e-01 5.747750186629411173e-01 5.683500588594588843e-01 5.596713297529789521e-01 4.944903979221736412e-01 4.919559235208199044e-01 4.457772493741433695e-01
6.574803295256502755e-01 7.009833777163655411e-01 7.198569828287452177e-01 7.248170240238567263e-01 7.348013191181312909e-01 7.286621200831172596e-01 7.183069958615156958e-01 7.060608999895870985e-01 8.234620673770782773e-01 1.000000000000000000e+00 8.440838516559859839e-01 8.862361320015910149e-01 8.780684440707601235e-01 8.729442628941135318e-01 8.951277314201656621e-01 8.923109147077075143e-01 8.773354304054955533e-01 8.771071782466949296e-01 8.790092363437872480e-01 8.590071917211524744e-01 8.831731339730035657e-01 6.753986582689339713e-01 5.896276350669662492e-01 5.938878336569496375e-01 6.126969225175201705e-01 5.821827700130810523e-01 5.701401128863062828e-01 5.368790439989443719e-01 5.528618544874195351e-01 5.038871305491272601e-01
6.493101180683242823e-01 6.166693885834665378e-01 6.136950810637955556e-01 6.352361296731289242e-01 6.328569694072726515e-01 6.446521041946929875e-01 6.399061644933740078e-01 6.345361757764661492e-01 7.775462463043845140e-01 8.440838516559859839e-01 1.000000000000000000e+00 9.460142228152884636e-01 9.541024022182604813e-01 9.648337541381357685e-01 9.403050435346236302e-01 9.517415152023689373e-01 9.641148890390158765e-01 9.596771718514226501e-01 9.615956241254611792e-01 8.797522495217293681e-01 9.043314112285042450e-01 5.762904329728413266e-01 4.663195047835422269e-01 5.984677014715999999e-01 6.013837854948432815e-01 5.848578235578332229e-01 5.662043396134596174e-01 5.701673962776415694e-01 5.672749353092004787e-01 4.700841686187530177e-01
7.037481484283217847e-01 6.738515435288279232e-01 6.852127723911121127e-01 6.912828513759550209e-01 6.925244900670012305e-01 6.987121114661657417e-01 7.024067830055414907e-01 6.994550732476761956e-01 8.107927133194511304e-01 8.862361320015910149e-01 9.460142228152884636e-01 1.000000000000000000e+00 9.681935285845607586e-01 9.580988199317111986e-01 9.566764193310842712e-01 9.603463824338965837e-01 9.560472383705552746e-01 9.674170179108866341e-01 9.702515385750920540e-01 9.159111864465898645e-01 9.259492727107532239e-01 6.480974514491413263e-01 5.475107054856892530e-01 6.013213560943718727e-01 6.255984067394664283e-01 5.951774272492259543e-01 5.710891005183555968e-01 5.871029071892918116e-01 5.866062145635180247e-01 5.251723406505440783e-01
6.957288169035323877e-01 6.662567179160346909e-01 6.625053306097440364e-01 6.722706763777502870e-01 6.780083992717412800e-01 6.779079191427971329e-01 6.819999940661435334e-01 6.743605175069310453e-01 8.047754834052396333e-01 8.780684440707601235e-01 9.541024022182604813e-01 9.681935285845607586e-01 1.000000000000000000e+00 9.697779855020158823e-01 9.740020681502098432e-01 9.782333177058664120e-01 9.729571790242063090e-01 9.785967054898767614e-01 9.836291746221050847e-01 9.138156363378725500e-01 9.297588526998284975e-01 6.478777740706503918e-01 5.282486857413265513e-01 6.037522353966784383e-01 6.388058926574901042e-01 5.869288051015201235e-01 5.719338276129769527e-01 6.005587102463950666e-01 5.846246753211769009e-01 4.937164946559229328e-01
6.777705324146108268e-01 6.519612298942962791e-01 6.494544948806667550e-01 6.653728783475298947e-01 6.616705883320632697e-01 6.728865707241566962e-01 6.706216300342339176e-01 6.716286906974252569e-01 8.102716117980336419e-01 8.729442628941135318e-01 9.648337541381357685e-01 9.580988199317111986e-01 9.697779855020158823e-01 1.000000000000000000e+00 9.671500332820097690e-01 9.766846346018138725e-01 9.866910698040219918e-01 9.783878936930007209e-01 9.797023698008671122e-01 8.967135352220811928e-01 9.295863025356493337e-01 5.953115917131838186e-01 4.833925571896351969e-01 6.058122293981673678e-01 6.245399017927412144e-01 5.821618837445268202e-01 5.682953137520758702e-01 5.930912931641514341e-01 5.826907500546156804e-01 5.190079367231971164e-01
7.212912483625562032e-01 7.013093155722414096e-01 7.338719885775121243e-01 7.274023944891949700e-01 7.436539630984546623e-01 7.195016761950675521e-01 7.298748228834900376e-01 7.134127669693152152e-01 8.277784515112331931e-01 8.951277314201656621e-01 9.403050435346236302e-01 9.566764193310842712e-01 9.740020681502098432e-01 9.671500332820097690e-01 1.000000000000000000e+00 9.953028253814395487e-01 9.722818249139619784e-01 9.892939142588296209e-01 9.844760801378600323e-01 9.538504972898917966e-01 9.714650868821251839e-01 6.690435293023317964e-01 5.524745229808302183e-01 6.152939835079587194e-01 6.346382652929297707e-01 6.114450538499472954e-01 5.847973530191570291e-01 6.001681029246295207e-01 5.891681937153391280e-01 4.951119852458403248e-01
7.098622084168055846e-01 6.930393145993303250e-01 7.198837275626099874e-01 7.200577761559885381e-01 7.331175145062878151e-01 7.153020185651319807e-01 7.308023737835860345e-01 7.174658425644260262e-01 8.272330856022157564e-01 8.923109147077075143e-01 9.517415152023689373e-01 9.603463824338965837e-01 9.782333177058664120e-01 9.766846346018138725e-01 9.953028253814395487e-01 1.000000000000000000e+00 9.850457956841196516e-01 9.890062980917315727e-01 9.875438821317854554e-01 9.492564984929390270e-01 9.690566674545662007e-01 6.440604295548013614e-01 5.330400234421567296e-01 6.119767817398454879e-01 6.268464589769001671e-01 6.047065251350123294e-01 5.871951207200022393e-01 6.003102113183779176e-01 5.866677793889376602e-01 4.879570252829845689e-01
7.092985329357879287e-01 6.685064757390101198e-01 6.770126283434534376e-01 6.833865642149422603e-01 6.918987452740807953e-01 6.909320745531276620e-01 6.963957059422777318e-01 6.896886033861171494e-01 8.202317465274404640e-01 8.773354304054955533e-01 9.641148890390158765e-01 9.560472383705552746e-01 9.729571790242063090e-01 9.866910698040219918e-01 9.722818249139619784e-01 9.850457956841196516e-01 1.000000000000000000e+00 9.914587266908241325e-01 9.899995433969809300e-01 9.322466997338760830e-01 9.538541954816104340e-01 6.123983326109252445e-01 5.026614750626002825e-01 6.150804877658051506e-01 6.207351905530388292e-01 5.923558932099161067e-01 5.763835383984935445e-01 5.925850934963294847e-01 5.996757235408727293e-01 5.032086749073103604e-01
7.028668217738716084e-01 6.836486191633492915e-01 6.783599351405968925e-01 6.930356471155684206e-01 7.002253910179334628e-01 6.889844516272906061e-01 6.976280774539843632e-01 6.908774804393537083e-01 8.256523280410501542e-01 8.771071782466949296e-01 9.596771718514226501e-01 9.674170179108866341e-01 9.785967054898767614e-01 9.783878936930007209e-01 9.892939142588296209e-01 9.890062980917315727e-01 9.914587266908241325e-01 1.000000000000000000e+00 9.927878929746994929e-01 9.389433880010144007e-01 9.567215712029939478e-01 6.419049199557727015e-01 5.127011210506268180e-01 6.153603089584538388e-01 6.434008059659969136e-01 6.017057053741465822e-01 5.792980052965895910e-01 5.993640644229275560e-01 5.982326183857401558e-01 5.056306674355617314e-01
7.014516497086014102e-01 6.698666643252126907e-01 6.800012737401359697e-01 6.806209540536714009e-01 6.870111992311193072e-01 6.861005709816503373e-01 6.896872646012990327e-01 6.829177562658360623e-01 8.130903207904693897e-01 8.790092363437872480e-01 9.615956241254611792e-01 9.702515385750920540e-01 9.836291746221050847e-01 9.797023698008671122e-01 9.844760801378600323e-01 9.875438821317854554e-01 9.899995433969809300e-01 9.927878929746994929e-01 1.000000000000000000e+00 9.402765910235532099e-01 9.456901300008040412e-01 6.302385379714788849e-01 5.273506840295046905e-01 6.033336802398500121e-01 6.245467495838596950e-01 5.947790875547616096e-01 5.771391674965058449e-01 5.995287818399394064e-01 5.971847892198443031e-01 4.951195550566365178e-01
7.353233915318755365e-01 7.442569831934258140e-01 7.588908115409668254e-01 7.559310954986387943e-01 7.659857954750256548e-01 7.676852240613569744e-01 7.746643740305872994e-01 7.561595713908100258e-01 8.757500107852322913e-01 8.590071917211524744e-01 8.797522495217293681e-01 9.159111864465898645e-01 9.138156363378725500e-01 8.967135352220811928e-01 9.538504972898917966e-01 9.492564984929390270e-01 9.322466997338760830e-01 9.389433880010144007e-01 9.402765910235532099e-01 1.000000000000000000e+00 9.728054064766892273e-01 6.751276950872893146e-01 6.268210595609835512e-01 5.933886156508891840e-01 6.037787496879413185e-01 6.199232994700585309e-01 5.966614157781173766e-01 5.782431500077234166e-01 5.629216041625492162e-01 4.979040088560812150e-01
7.488465558773557129e-01 7.655542973534602558e-01 7.740345509254225043e-01 7.716945053703758717e-01 7.845934955818741896e-01 7.794512168060983015e-01 7.889324576323779592e-01 7.717345546066054496e-01 8.964220829812512559e-01 8.831731339730035657e-01 9.043314112285042450e-01 9.259492727107532239e-01 9.297588526998284975e-01 9.295863025356493337e-01 9.714650868821251839e-01 9.690566674545662007e-01 9.538541954816104340e-01 9.567215712029939478e-01 9.456901300008040412e-01 9.728054064766892273e-01 1.000000000000000000e+00 6.598336259559608452e-01 5.898467774294771093e-01 6.194900550809108175e-01 6.079268735080596286e-01 6.184664694954424835e-01 5.976038306863359351e-01 5.836994096600125470e-01 5.573068542209758114e-01 4.951644392034872943e-01
6.769823556742186055e-01 6.696184409945633575e-01 7.046266000067007429e-01 6.886075923996444192e-01 7.093404323749383789e-01 6.706422029593430700e-01 6.726553228789327044e-01 6.555928995288884398e-01 6.459114005673154413e-01 6.753986582689339713e-01 5.762904329728413266e-01 6.480974514491413263e-01 6.478777740706503918e-01 5.953115917131838186e-01 6.690435293023317964e-01 6.440604295548013614e-01 6.123983326109252445e-01 6.419049199557727015e-01 6.302385379714788849e-01 6.751276950872893146e-01 6.598336259559608452e-01 1.000000000000000000e+00 7.847169639607899372e-01 4.570984336461599296e-01 5.587483822352158347e-01 4.368735195229105361e-01 4.084775795553128863e-01 4.061385322897954619e-01 4.490150914126348480e-01 5.201681161845438384e-01
6.490400575123326243e-01 6.585758078924083270e-01 7.131706926973990779e-01 6.513078968293734006e-01 6.589796242141837679e-01 6.470516733227930084e-01 6.738342908048200464e-01 6.615134443499134376e-01 5.768049726844461933e-01 5.896276350669662492e-01 4.663195047835422269e-01 5.475107054856892530e-01 5.282486857413265513e-01 4.833925571896351969e-01 5.524745229808302183e-01 5.330400234421567296e-01 5.026614750626002825e-01 5.127011210506268180e-01 5.273506840295046905e-01 6.268210595609835512e-01 5.898467774294771093e-01 7.847169639607899372e-01 1.000000000000000000e+00 3.884188903268950277e-01 4.695591047306995613e-01 4.029209541820296669e-01 3.892500582881286975e-01 3.445366946414164522e-01 3.508201831540782023e-01 3.697149059318433073e-01
5.630324396514511109e-01 5.692332666458158608e-01 5.242926875149420685e-01 5.171170386873814584e-01 5.198507538477945555e-01 5.087364750225228383e-01 5.422436741330637355e-01 5.529291076295608232e-01 5.531022551150784894e-01 5.938878336569496375e-01 5.984677014715999999e-01 6.013213560943718727e-01 6.037522353966784383e-01 6.058122293981673678e-01 6.152939835079587194e-01 6.119767817398454879e-01 6.150804877658051506e-01 6.153603089584538388e-01 6.033336802398500121e-01 5.933886156508891840e-01 6.194900550809108175e-01 4.570984336461599296e-01 3.884188903268950277e-01 1.000000000000000000e+00 6.325826086429393591e-01 6.766210815545734558e-01 6.683397288252762580e-01 7.372292824308884773e-01 7.759427750458707251e-01 5.922215511680646305e-01
6.545377946417703097e-01 5.859358685887616769e-01 5.645875965981164146e-01 5.582004206282473735e-01 5.652193136857507350e-01 5.493676847565760468e-01 5.671308103146567303e-01 5.849667705438598153e-01 5.747750186629411173e-01 6.126969225175201705e-01 6.013837854948432815e-01 6.255984067394664283e-01 6.388058926574901042e-01 6.245399017927412144e-01 6.346382652929297707e-01 6.268464589769001671e-01 6.207351905530388292e-01 6.434008059659969136e-01 6.245467495838596950e-01 6.037787496879413185e-01 6.079268735080596286e-01 5.587483822352158347e-01 4.695591047306995613e-01 6.325826086429393591e-01 1.000000000000000000e+00 7.235517344200492751e-01 7.184515608910593265e-01 5.977598695101765669e-01 7.613750337121826250e-01 7.490086142014245052e-01
5.963941220594126680e-01 5.703704226159210799e-01 5.214990256521777612e-01 5.227723750191842766e-01 5.236902814725785671e-01 5.282372133645565349e-01 5.332849558279612046e-01 5.498717803671540061e-01 5.683500588594588843e-01 5.821827700130810523e-01 5.848578235578332229e-01 5.951774272492259543e-01 5.869288051015201235e-01 5.821618837445268202e-01 6.114450538499472954e-01 6.047065251350123294e-01 5.923558932099161067e-01 6.017057053741465822e-01 5.947790875547616096e-01 6.199232994700585309e-01 6.184664694954424835e-01 4.368735195229105361e-01 4.029209541820296669e-01 6.766210815545734558e-01 7.235517344200492751e-01 1.000000000000000000e+00 9.830870719995041807e-01 7.583755385105723779e-01 7.558490198749081568e-01 6.627757128322113722e-01
5.634997642842817234e-01 5.374649604227595967e-01 4.931063100029663970e-01 4.991867402436093171e-01 4.992224886295467123e-01 5.028804481164582674e-01 5.116216848561817576e-01 5.315907506467248966e-01 5.596713297529789521e-01 5.701401128863062828e-01 5.662043396134596174e-01 5.710891005183555968e-01 5.719338276129769527e-01 5.682953137520758702e-01 5.847973530191570291e-01 5.871951207200022393e-01 5.763835383984935445e-01 5.792980052965895910e-01 5.771391674965058449e-01 5.966614157781173766e-01 5.976038306863359351e-01 4.084775795553128863e-01 3.892500582881286975e-01 6.683397288252762580e-01 7.184515608910593265e-01 9.830870719995041807e-01 1.000000000000000000e+00 7.574113688058965455e-01 7.353272984260922351e-01 6.215320754667794656e-01
4.462848962287767063e-01 4.879412396858692769e-01 4.469187144705139558e-01 4.442459085419992459e-01 4.536729121564046507e-01 4.517054622611204051e-01 4.571413193410007736e-01 4.806532703145162122e-01 4.944903979221736412e-01 5.368790439989443719e-01 5.701673962776415694e-01 5.871029071892918116e-01 6.005587102463950666e-01 5.930912931641514341e-01 6.001681029246295207e-01 6.003102113183779176e-01 5.925850934963294847e-01 5.993640644229275560e-01 5.995287818399394064e-01 5.782431500077234166e-01 5.836994096600125470e-01 4.061385322897954619e-01 3.445366946414164522e-01 7.372292824308884773e-01 5.977598695101765669e-01 7.583755385105723779e-01 7.574113688058965455e-01 1.000000000000000000e+00 7.495821527492121383e-01 5.219646574857778054e-01
5.356450216038298739e-01 4.937770127856745406e-01 4.407955665535679968e-01 4.584227354599265669e-01 4.470522879962137153e-01 4.616483481539299660e-01 4.654660675989056307e-01 4.912148776009825912e-01 4.919559235208199044e-01 5.528618544874195351e-01 5.672749353092004787e-01 5.866062145635180247e-01 5.846246753211769009e-01 5.826907500546156804e-01 5.891681937153391280e-01 5.866677793889376602e-01 5.996757235408727293e-01 5.982326183857401558e-01 5.971847892198443031e-01 5.629216041625492162e-01 5.573068542209758114e-01 4.490150914126348480e-01 3.508201831540782023e-01 7.759427750458707251e-01 7.613750337121826250e-01 7.558490198749081568e-01 7.353272984260922351e-01 7.495821527492121383e-01 1.000000000000000000e+00 8.044975414251812618e-01
5.828556319788540385e-01 4.960434590898756269e-01 4.828962023236105239e-01 4.507251576540457494e-01 4.633255638297985590e-01 4.454809183372862025e-01 5.063770413148153127e-01 4.909282902920025782e-01 4.457772493741433695e-01 5.038871305491272601e-01 4.700841686187530177e-01 5.251723406505440783e-01 4.937164946559229328e-01 5.190079367231971164e-01 4.951119852458403248e-01 4.879570252829845689e-01 5.032086749073103604e-01 5.056306674355617314e-01 4.951195550566365178e-01 4.979040088560812150e-01 4.951644392034872943e-01 5.201681161845438384e-01 3.697149059318433073e-01 5.922215511680646305e-01 7.490086142014245052e-01 6.627757128322113722e-01 6.215320754667794656e-01 5.219646574857778054e-01 8.044975414251812618e-01 1.000000000000000000e+00
