1.000000000000000000e+00 5.510109114921988294e-01 8.772792644238665005e-01 9.330246512400492964e-01 9.060322554448709820e-01 4.684339477489114500e-01 5.415649452115136597e-01 3.912676019946865758e-01 6.660477506047780549e-01 7.212943093513900505e-01 6.693683955365284932e-01 4.836403032024299553e-01 6.709555713318841041e-01 6.573346849286395566e-01 5.931919539396151020e-01 5.727442431664623301e-01 5.752462788501206958e-01 6.992470353940215544e-01 7.109323615879376002e-01 7.110852156662644807e-01
5.510109114921988294e-01 1.000000000000000000e+00 4.900584142438235702e-01 5.710741998017981880e-01 5.834495803868325892e-01 5.557092965871091028e-01 6.304976046456586269e-01 3.522477782981406347e-01 6.350540873287749966e-01 6.670640671137576527e-01 6.792470717265417512e-01 5.028539146696033857e-01 6.259742901905049894e-01 6.022580503752160697e-01 5.318048312601516558e-01 5.432716304579918720e-01 5.309221482580038787e-01 6.182965606797948821e-01 6.621014440995812711e-01 5.995096705529057157e-01
8.772792644238665005e-01 4.900584142438235702e-01 1.000000000000000000e+00 8.217321039041640685e-01 7.915867243070142667e-01 5.418138848211463410e-01 4.852863515913978798e-01 3.613738039949115910e-01 5.974034240053121003e-01 6.031362520548614325e-01 5.984758062133143097e-01 5.465573773400854707e-01 5.823949414429409055e-01 5.842668912098024636e-01 4.985079839868551965e-01 5.091897525569337724e-01 5.117029345169571419e-01 6.347726298065312633e-01 6.049896990631655758e-01 6.200407135743163378e-01
9.330246512400492964e-01 5.710741998017981880e-01 8.217321039041640685e-01 1.000000000000000000e+00 8.914829827405734708e-01 4.635432902504257879e-01 5.311200038248876654e-01 3.576518665617686166e-01 6.687316037237431843e-01 6.868775446592721989e-01 5.970111653873995117e-01 4.629586435699067914e-01 6.613464132436881471e-01 6.554528820732644645e-01 6.181838971878310662e-01 5.682876885070768935e-01 5.760384465218827410e-01 6.971311876255039675e-01 7.169066688438301416e-01 6.874010137913841856e-01
9.060322554448709820e-01 5.834495803868325892e-01 7.915867243070142667e-01 8.914829827405734708e-01 1.000000000000000000e+00 4.845823961627169774e-01 4.734717418032310388e-01 3.258520645793382964e-01 6.120520645548911398e-01 6.724246805686882045e-01 6.276518298084079461e-01 5.292179588211072261e-01 6.237067981483664925e-01 6.019557196619763628e-01 5.620229471563370494e-01 5.547251796402797863e-01 5.509567969917279484e-01 6.400477415257970204e-01 6.533743006069880899e-01 6.665497601610370637e-01
4.684339477489114500e-01 5.557092965871091028e-01 5.418138848211463410e-01 4.635432902504257879e-01 4.845823961627169774e-01 1.000000000000000000e+00 5.549408183303905506e-01 4.871665707076386909e-01 5.704071877041763106e-01 5.024711317812624589e-01 5.622939793299026601e-01 6.761166750908981227e-01 6.100185746120534436e-01 5.898108513039638234e-01 5.550158621319158936e-01 5.883275081819044905e-01 6.058847578650868870e-01 5.879777751298025379e-01 5.454350216552615871e-01 5.604369792754986257e-01
5.415649452115136597e-01 6.304976046456586269e-01 4.852863515913978798e-01 5.311200038248876654e-01 4.734717418032310388e-01 5.549408183303905506e-01 1.000000000000000000e+00 3.155763279201171945e-01 5.922638446279780977e-01 5.956375660332363653e-01 6.154035302070832714e-01 5.419852064883275977e-01 5.592076608538562033e-01 5.872918333392788126e-01 5.823861784136343811e-01 6.226817719820667563e-01 6.322065792521770478e-01 5.386650354480662095e-01 5.304214461721701301e-01 5.808875575119766266e-01
3.912676019946865758e-01 3.522477782981406347e-01 3.613738039949115910e-01 3.576518665617686166e-01 3.258520645793382964e-01 4.871665707076386909e-01 3.155763279201171945e-01 1.000000000000000000e+00 3.900702625221720843e-01 3.632671572556398498e-01 3.907214322383762428e-01 4.660206568715881681e-01 3.739931799161282933e-01 3.797432666803969847e-01 3.899209465878409331e-01 4.268729182239633380e-01 4.356453287775900463e-01 3.724862839998541730e-01 3.781468078697626800e-01 3.782655203930853083e-01
6.660477506047780549e-01 6.350540873287749966e-01 5.974034240053121003e-01 6.687316037237431843e-01 6.120520645548911398e-01 5.704071877041763106e-01 5.922638446279780977e-01 3.900702625221720843e-01 1.000000000000000000e+00 8.039057179396613684e-01 6.303829731289897209e-01 4.690730729282703293e-01 9.059937907485555719e-01 8.985470299090846380e-01 8.159382373940277100e-01 7.255130277296849561e-01 7.799203376861798542e-01 9.137399890927486723e-01 9.021225649588553441e-01 9.255797934991093490e-01
7.212943093513900505e-01 6.670640671137576527e-01 6.031362520548614325e-01 6.868775446592721989e-01 6.724246805686882045e-01 5.024711317812624589e-01 5.956375660332363653e-01 3.632671572556398498e-01 8.039057179396613684e-01 1.000000000000000000e+00 7.710334780802513555e-01 5.431908259504147907e-01 8.026495944515490422e-01 7.732215783705170820e-01 6.934753504324714379e-01 6.114047115290366374e-01 6.431821056727847763e-01 8.125904620953425805e-01 8.050951724682309241e-01 7.690731100185181912e-01
6.693683955365284932e-01 6.792470717265417512e-01 5.984758062133143097e-01 5.970111653873995117e-01 6.276518298084079461e-01 5.622939793299026601e-01 6.154035302070832714e-01 3.907214322383762428e-01 6.303829731289897209e-01 7.710334780802513555e-01 1.000000000000000000e+00 4.498731991046130418e-01 6.570312946626116757e-01 5.553376980670594598e-01 5.551663010843026491e-01 6.696201027285946239e-01 6.213389981595173195e-01 5.807303018356380075e-01 6.232071033561652484e-01 6.220028522605088872e-01
4.836403032024299553e-01 5.028539146696033857e-01 5.465573773400854707e-01 4.629586435699067914e-01 5.292179588211072261e-01 6.761166750908981227e-01 5.419852064883275977e-01 4.660206568715881681e-01 4.690730729282703293e-01 5.431908259504147907e-01 4.498731991046130418e-01 1.000000000000000000e+00 4.905555672162666414e-01 5.045447504450548681e-01 4.358034828026073892e-01 5.234197809433591697e-01 5.141049589286917909e-01 4.810346527901852021e-01 4.662364093053127934e-01 5.076223413316888200e-01
6.709555713318841041e-01 6.259742901905049894e-01 5.823949414429409055e-01 6.613464132436881471e-01 6.237067981483664925e-01 6.100185746120534436e-01 5.592076608538562033e-01 3.739931799161282933e-01 9.059937907485555719e-01 8.026495944515490422e-01 6.570312946626116757e-01 4.905555672162666414e-01 1.000000000000000000e+00 8.309696799442272130e-01 7.336948692824860618e-01 6.977347827283051362e-01 7.600361451884847241e-01 9.205455047301369653e-01 8.814666551292983376e-01 8.647785868798496534e-01
6.573346849286395566e-01 6.022580503752160697e-01 5.842668912098024636e-01 6.554528820732644645e-01 6.019557196619763628e-01 5.898108513039638234e-01 5.872918333392788126e-01 3.797432666803969847e-01 8.985470299090846380e-01 7.732215783705170820e-01 5.553376980670594598e-01 5.045447504450548681e-01 8.309696799442272130e-01 1.000000000000000000e+00 8.534655011486581566e-01 7.058569171667228304e-01 7.588258236503102605e-01 8.970696694574805674e-01 8.969729107529950118e-01 8.641035894202376832e-01
5.931919539396151020e-01 5.318048312601516558e-01 4.985079839868551965e-01 6.181838971878310662e-01 5.620229471563370494e-01 5.550158621319158936e-01 5.823861784136343811e-01 3.899209465878409331e-01 8.159382373940277100e-01 6.934753504324714379e-01 5.551663010843026491e-01 4.358034828026073892e-01 7.336948692824860618e-01 8.534655011486581566e-01 1.000000000000000000e+00 6.257798951761464057e-01 6.820231278779723683e-01 8.180773012208018002e-01 8.157010427968134358e-01 8.293304740140494680e-01
5.727442431664623301e-01 5.432716304579918720e-01 5.091897525569337724e-01 5.682876885070768935e-01 5.547251796402797863e-01 5.883275081819044905e-01 6.226817719820667563e-01 4.268729182239633380e-01 7.255130277296849561e-01 6.114047115290366374e-01 6.696201027285946239e-01 5.234197809433591697e-01 6.977347827283051362e-01 7.058569171667228304e-01 6.257798951761464057e-01 1.000000000000000000e+00 9.378169046555500099e-01 7.303580396093912741e-01 7.188790134187156289e-01 7.428079832360700019e-01
5.752462788501206958e-01 5.309221482580038787e-01 5.117029345169571419e-01 5.760384465218827410e-01 5.509567969917279484e-01 6.058847578650868870e-01 6.322065792521770478e-01 4.356453287775900463e-01 7.799203376861798542e-01 6.431821056727847763e-01 6.213389981595173195e-01 5.141049589286917909e-01 7.600361451884847241e-01 7.588258236503102605e-01 6.820231278779723683e-01 9.378169046555500099e-01 1.000000000000000000e+00 8.030984619352600218e-01 7.674816675735510740e-01 7.790255834220335407e-01
6.992470353940215544e-01 6.182965606797948821e-01 6.347726298065312633e-01 6.971311876255039675e-01 6.400477415257970204e-01 5.879777751298025379e-01 5.386650354480662095e-01 3.724862839998541730e-01 9.137399890927486723e-01 8.125904620953425805e-01 5.807303018356380075e-01 4.810346527901852021e-01 9.205455047301369653e-01 8.970696694574805674e-01 8.180773012208018002e-01 7.303580396093912741e-01 8.030984619352600218e-01 1.000000000000000000e+00 9.444975818809316914e-01 9.297349475926390827e-01
7.109323615879376002e-01 6.621014440995812711e-01 6.049896990631655758e-01 7.169066688438301416e-01 6.533743006069880899e-01 5.454350216552615871e-01 5.304214461721701301e-01 3.781468078697626800e-01 9.021225649588553441e-01 8.050951724682309241e-01 6.232071033561652484e-01 4.662364093053127934e-01 8.814666551292983376e-01 8.969729107529950118e-01 8.157010427968134358e-01 7.188790134187156289e-01 7.674816675735510740e-01 9.444975818809316914e-01 1.000000000000000000e+00 8.924519368382808349e-01
7.110852156662644807e-01 5.995096705529057157e-01 6.200407135743163378e-01 6.874010137913841856e-01 6.665497601610370637e-01 5.604369792754986257e-01 5.808875575119766266e-01 3.782655203930853083e-01 9.255797934991093490e-01 7.690731100185181912e-01 6.220028522605088872e-01 5.076223413316888200e-01 8.647785868798496534e-01 8.641035894202376832e-01 8.293304740140494680e-01 7.428079832360700019e-01 7.790255834220335407e-01 9.297349475926390827e-01 8.924519368382808349e-01 1.000000000000000000e+00
