1.000000000000000000e+00 6.488313051082104099e-01 6.642766716521849579e-01 6.681973970102377258e-01 5.339185510387057798e-01 6.879668270866697855e-01 6.758038590466792783e-01 7.483561292388479780e-01 7.967892875728792568e-01 7.578483725514970626e-01 7.509279472786866139e-01 7.349173297486525369e-01 5.274565678157323578e-01 7.662839543951450727e-01 7.315580313283287506e-01 7.925914777868242611e-01 6.748729431562651149e-01 7.818995480134754983e-01
6.488313051082104099e-01 1.000000000000000000e+00 7.565021180074094076e-01 6.530374594506167529e-01 7.317020137872385366e-01 5.284000981678258491e-01 7.662161286801592031e-01 6.688331676363168388e-01 6.365838355562880579e-01 5.697621141365292186e-01 5.628491754161707439e-01 6.452906331753132108e-01 5.183043455549413148e-01 5.680279056427236517e-01 5.252562956474602363e-01 6.451170435779836065e-01 5.470939474856153506e-01 6.217884268796696201e-01
6.642766716521849579e-01 7.565021180074094076e-01 1.000000000000000000e+00 6.550190689118015053e-01 7.494325595368821480e-01 4.961836162062735478e-01 7.918857196932876930e-01 7.772514407530275449e-01 5.840740464719377245e-01 6.298240075778432923e-01 6.253349544236260771e-01 6.325326121357934817e-01 5.686353455277427527e-01 6.015386414474511723e-01 5.276608173608581254e-01 6.035463515118915101e-01 5.464117494545712717e-01 6.136575118586471422e-01
6.681973970102377258e-01 6.530374594506167529e-01 6.550190689118015053e-01 1.000000000000000000e+00 7.233972541519488875e-01 6.030837630678279604e-01 5.753045561789543738e-01 8.643807915054934066e-01 7.037909257513870198e-01 7.083283272252867135e-01 7.050842876481101529e-01 7.192504180181781281e-01 6.022525810000970425e-01 7.419529327264238194e-01 6.958104580439988807e-01 7.304810279445907994e-01 5.915695845706789857e-01 6.721773512197887213e-01
5.339185510387057798e-01 7.317020137872385366e-01 7.494325595368821480e-01 7.233972541519488875e-01 1.000000000000000000e+00 4.925642025040188887e-01 6.184590095987104741e-01 6.182002362057417155e-01 5.855776816735490664e-01 5.978403399368632520e-01 5.928377619125398956e-01 6.030713645261823741e-01 5.955919777675863225e-01 5.710522060639537933e-01 4.770563576284959639e-01 5.757299384906500173e-01 5.090374648500715082e-01 5.845148748821845652e-01
6.879668270866697855e-01 5.284000981678258491e-01 4.961836162062735478e-01 6.030837630678279604e-01 4.925642025040188887e-01 1.000000000000000000e+00 6.474714250503047497e-01 5.704376800541506309e-01 7.931179694450891660e-01 7.804745087063718056e-01 7.809814887540895700e-01 8.288378537630231024e-01 6.858801908626129817e-01 8.055573867033899438e-01 7.588831578296586500e-01 7.914437152490501060e-01 7.751111660503638978e-01 8.105301104094894127e-01
6.758038590466792783e-01 7.662161286801592031e-01 7.918857196932876930e-01 5.753045561789543738e-01 6.184590095987104741e-01 6.474714250503047497e-01 1.000000000000000000e+00 6.563996692956347578e-01 7.069844786977325102e-01 7.162454696083547789e-01 7.182906503928104813e-01 7.130636722599766886e-01 6.179563214825989359e-01 7.089487133785339346e-01 6.636243389977243279e-01 6.952779940458391206e-01 5.728751835051023589e-01 6.594066635923140351e-01
7.483561292388479780e-01 6.688331676363168388e-01 7.772514407530275449e-01 8.643807915054934066e-01 6.182002362057417155e-01 5.704376800541506309e-01 6.563996692956347578e-01 1.000000000000000000e+00 7.073351091644298760e-01 7.029744633127629205e-01 6.996470115415596158e-01 6.971767925709659863e-01 5.573083685106925422e-01 7.133138643269057999e-01 6.770160865689039964e-01 7.114471764783064645e-01 5.823388133416920187e-01 6.710381069901504292e-01
7.967892875728792568e-01 6.365838355562880579e-01 5.840740464719377245e-01 7.037909257513870198e-01 5.855776816735490664e-01 7.931179694450891660e-01 7.069844786977325102e-01 7.073351091644298760e-01 1.000000000000000000e+00 9.076986298333798997e-01 8.984755598713435321e-01 9.494234066660963700e-01 6.909385778994857619e-01 9.546583776152308687e-01 9.013950343886022454e-01 9.742064258152550726e-01 8.417225206126517367e-01 9.516671913252671144e-01
7.578483725514970626e-01 5.697621141365292186e-01 6.298240075778432923e-01 7.083283272252867135e-01 5.978403399368632520e-01 7.804745087063718056e-01 7.162454696083547789e-01 7.029744633127629205e-01 9.076986298333798997e-01 1.000000000000000000e+00 9.989023740022991982e-01 9.067183565392598066e-01 7.644762990857776330e-01 9.572954001788887002e-01 8.936522128578033852e-01 8.883657800294405549e-01 7.555547569077106784e-01 8.619380124547345590e-01
7.509279472786866139e-01 5.628491754161707439e-01 6.253349544236260771e-01 7.050842876481101529e-01 5.928377619125398956e-01 7.809814887540895700e-01 7.182906503928104813e-01 6.996470115415596158e-01 8.984755598713435321e-01 9.989023740022991982e-01 1.000000000000000000e+00 9.049882194996613505e-01 7.707300961977213705e-01 9.501997258909539168e-01 8.875572606461817893e-01 8.781134471800313701e-01 7.403403280098664885e-01 8.510388483795811032e-01
7.349173297486525369e-01 6.452906331753132108e-01 6.325326121357934817e-01 7.192504180181781281e-01 6.030713645261823741e-01 8.288378537630231024e-01 7.130636722599766886e-01 6.971767925709659863e-01 9.494234066660963700e-01 9.067183565392598066e-01 9.049882194996613505e-01 1.000000000000000000e+00 7.832250235334500266e-01 9.550597889172072197e-01 8.958160005112338897e-01 9.620733252795883317e-01 8.065083119598113193e-01 9.064204102365964744e-01
5.274565678157323578e-01 5.183043455549413148e-01 5.686353455277427527e-01 6.022525810000970425e-01 5.955919777675863225e-01 6.858801908626129817e-01 6.179563214825989359e-01 5.573083685106925422e-01 6.909385778994857619e-01 7.644762990857776330e-01 7.707300961977213705e-01 7.832250235334500266e-01 1.000000000000000000e+00 7.694466310253983421e-01 7.629961655124891662e-01 6.860036374500265710e-01 5.722389659703803755e-01 6.379928824998245540e-01
7.662839543951450727e-01 5.680279056427236517e-01 6.015386414474511723e-01 7.419529327264238194e-01 5.710522060639537933e-01 8.055573867033899438e-01 7.089487133785339346e-01 7.133138643269057999e-01 9.546583776152308687e-01 9.572954001788887002e-01 9.501997258909539168e-01 9.550597889172072197e-01 7.694466310253983421e-01 1.000000000000000000e+00 9.267185234504420333e-01 9.469088483046534943e-01 7.946737102555007093e-01 8.925576332988613970e-01
7.315580313283287506e-01 5.252562956474602363e-01 5.276608173608581254e-01 6.958104580439988807e-01 4.770563576284959639e-01 7.588831578296586500e-01 6.636243389977243279e-01 6.770160865689039964e-01 9.013950343886022454e-01 8.936522128578033852e-01 8.875572606461817893e-01 8.958160005112338897e-01 7.629961655124891662e-01 9.267185234504420333e-01 1.000000000000000000e+00 9.112514032052623225e-01 7.750957378743402737e-01 8.524131776652170700e-01
7.925914777868242611e-01 6.451170435779836065e-01 6.035463515118915101e-01 7.304810279445907994e-01 5.757299384906500173e-01 7.914437152490501060e-01 6.952779940458391206e-01 7.114471764783064645e-01 9.742064258152550726e-01 8.883657800294405549e-01 8.781134471800313701e-01 9.620733252795883317e-01 6.860036374500265710e-01 9.469088483046534943e-01 9.112514032052623225e-01 1.000000000000000000e+00 8.447470875013893821e-01 9.426530435587884282e-01
6.748729431562651149e-01 5.470939474856153506e-01 5.464117494545712717e-01 5.915695845706789857e-01 5.090374648500715082e-01 7.751111660503638978e-01 5.728751835051023589e-01 5.823388133416920187e-01 8.417225206126517367e-01 7.555547569077106784e-01 7.403403280098664885e-01 8.065083119598113193e-01 5.722389659703803755e-01 7.946737102555007093e-01 7.750957378743402737e-01 8.447470875013893821e-01 1.000000000000000000e+00 9.372439958441316499e-01
7.818995480134754983e-01 6.217884268796696201e-01 6.136575118586471422e-01 6.721773512197887213e-01 5.845148748821845652e-01 8.105301104094894127e-01 6.594066635923140351e-01 6.710381069901504292e-01 9.516671913252671144e-01 8.619380124547345590e-01 8.510388483795811032e-01 9.064204102365964744e-01 6.379928824998245540e-01 8.925576332988613970e-01 8.524131776652170700e-01 9.426530435587884282e-01 9.372439958441316499e-01 1.000000000000000000e+00
